976186 419340 162535 581704 2231985 362206 0
1082929 612103 13288 186411 1872935 435492 0
563428 891699 597676 572366 2252185 77332 0
1082929 913313 538198 48083 174877 200871 4
491179 313892 1516642 1030610 5489 140416 4
116851 996139 151916 1120394 237780 757584 2
116851 840277 429401 945322 309388 782410 1
1725971 502730 200052 47332 1056044 1098285 4
1868140 149058 521511 499810 224702 386818 1
486603 266264 2447004 482369 1319170 318582 0
432369 2697368 166867 494902 2372128 651159 3
572546 512075 198433 50813 2397546 914115 2
107812 946983 892623 1644176 572546 610038 4
620093 213541 2180278 2682756 509709 2682832 2
1300914 480465 320657 992975 188933 2349577 3
1574853 57567 20728 1412016 14229 4648 2
962680 708805 949933 519261 2474703 866899 1
1108159 810899 180781 91943 1157821 1963223 2
144173 1770184 452345 1397142 2811419 1972352 3
840277 230715 2362176 14579 692211 1080889 4
995300 1370545 414152 911161 603833 1193386 1
1192801 530198 198433 167097 525009 483648 2
112786 39594 208400 1774718 582855 937649 3
750695 224301 1221466 963673 145197 2660061 1
306988 2030585 993546 93097 806560 567204 4
2246693 2988440 238789 1778788 167373 26809 1
206365 1697559 805523 1485201 341308 166643 0
77880 498089 601284 302896 991296 1785066 1
2418219 14711 4311 1470596 417744 2252457 1
2864732 1218411 1946059 1271989 2604225 2440771 4
74773 1838272 1529719 2448624 260058 900259 2
2415871 1830140 400917 81982 490811 2359691 4
1190556 37124 7363 817924 2150208 387135 3
48934 657062 1582831 103595 462443 432038 4
1397142 116851 241637 713348 38539 19765 1
149561 752310 60520 417498 539364 1400125 3
1762771 2462951 1868752 1097006 251828 1729404 0
878405 898673 54175 239187 2267945 206137 3
69894 701098 46628 1588126 635481 1992250 3
43984 18450 17195 212364 38040 1727556 1
14711 71020 1213146 1457259 291133 112444 3
1980570 2095721 558096 379241 10093 230758 1
1491328 323780 30706 1676879 891613 1882982 0
563428 2403753 2310527 50914 536250 998918 0
2843617 427734 535978 192176 214719 55702 3
197851 323780 1255387 1993973 337579 80839 1
1647803 1988347 195267 1948 438868 2260827 4
9249 2462951 788074 228506 915271 1838370 1
216216 994733 908636 553893 1566874 1424053 1
2326847 566783 504713 676354 125570 1452683 0
12381 40191 70228 920062 2462951 1643029 4
913339 1582831 2569245 1499520 754445 1104374 0
84065 489450 566783 2213803 400853 16166 2
932931 1538175 19685 1582515 1012752 1082519 0
339761 997248 1564912 233031 152506 47485 2
486603 326734 88125 575664 167652 203200 0
1667172 498089 3033467 1794481 1141176 358069 0
2180278 590060 268945 1219796 1158513 158127 0
78242 326310 1582831 168617 246010 155526 2
232819 356081 404665 817924 274906 119840 3
598431 259403 418508 1185949 564178 310675 0
817924 1249823 747722 2103235 1585364 1518847 2
1755720 1587635 27683 127543 1588158 341622 2
714157 1505025 522212 74268 71925 9632 2
490811 1910311 2602571 1033846 995300 340401 4
174877 749887 721481 165567 169116 2032014 1
599665 1317622 2060636 902008 554888 17988 2
63083 2251890 539925 158492 701776 1055898 3
1814137 1647803 318820 628417 899357 2569278 1
2680535 1082929 816908 1058673 357064 30513 1
1367154 1054908 146290 420514 51876 2725952 2
2069563 1395159 886283 310301 2627948 2650981 1
1751093 78242 736461 2418473 266241 180368 1
301776 5822 92602 491160 10274 39265 1
1587316 1370545 186779 886328 59639 77891 0
1458624 1293248 962680 911884 187269 150463 2
1923391 332436 1540081 113240 1033485 244588 1
1255387 1950534 262269 126535 563991 375013 4
37909 1484884 1122100 1495357 91131 429531 1
23723 814411 1201014 23723 903048 1352213 3
644223 584848 1091506 15236 33539 1233501 4
389605 1844594 720440 796941 53917 400246 4
896167 965624 621350 316844 84893 1366146 2
729141 7172 30621 153907 375958 2344968 1
411679 575457 672314 43984 336155 148407 3
143251 1407089 676516 9232 152438 101914 1
1647803 180781 11244 2442436 1090064 418348 0
158492 2439882 2200 522306 600235 220804 2
150294 747722 97080 153067 46797 1203264 0
50813 2954568 1561831 1003390 512075 914115 1
146290 43380 938802 1711141 34282 923878 2
19493 520560 1690956 1046535 367969 905639 4
1087755 1986774 2160184 2292317 80777 113519 0
806560 2358282 53206 344374 779772 1676 2
1536806 702306 2282007 747712 878405 1092739 4
591611 1771529 879508 11524 1554274 119498 2
255405 1692789 2400216 585097 2058341 642451 1
101706 149561 378540 62777 405617 1718457 1
2529666 1711076 125483 1045549 1635653 1267861 2
37585 449920 542705 1441032 946518 1117522 3
620093 1812292 454190 111971 907554 165768 0
1458624 322123 4460 751099 723434 543924 0
522212 2699762 636050 259662 2061037 3008173 2
1497778 387507 2563194 2154581 481122 24757 3
2661439 475435 48344 67472 1961195 857 2
1789242 97671 29797 67578 219119 903578 0
710374 1721202 747722 1338568 306128 1039615 2
88291 885739 2226049 1629523 1878916 2280174 1
1016597 2237316 1780483 231465 1262822 2266824 2
938802 179397 709616 673235 750695 251006 4
1692789 2000125 763021 2455415 332386 2268463 3
1774718 144087 26035 125473 833172 8099 3
158492 522306 896061 483646 2439882 600235 2
913339 1369664 1099383 1258163 578517 206365 1
1780371 351114 433187 112786 2209952 1470383 3
636050 1172394 773566 154372 259403 502983 4
268821 83312 331219 498151 8123 109170 3
854277 2108480 1038491 692905 1752449 1605931 1
143251 1407089 383872 1956351 918753 2063733 0
151920 1571579 913339 12684 1458348 1032492 2
994733 2095721 1600789 952550 517018 60114 0
44354 72664 236125 506706 846857 302613 4
1587316 352673 322123 25096 679580 324902 2
489483 475296 671287 226445 943829 45321 2
2592798 221191 540797 113509 301776 718749 4
1129403 301776 1330664 527391 368995 17063 2
438868 2759832 338909 1774718 650906 212195 3
78066 1196969 464031 24375 81958 62108 3
198433 588219 1492513 18473 2509067 260869 4
563428 1225219 458961 2701261 709667 910239 3
546173 507235 648550 312443 88291 251097 4
2180278 40234 11586 1247137 27683 252957 4
1441032 2592798 135420 2022355 1102900 26049 3
1428185 598431 2868802 59652 550647 195312 0
1722815 2462951 632142 1097006 900261 1182599 0
878405 408490 555678 2422023 89860 2175262 0
125483 2509067 250558 187721 671287 1312280 0
158492 522306 2439882 1371088 878405 913339 4
2147769 61829 53206 502570 305910 525043 2
178453 806560 900496 259403 308734 63109 1
717577 1826856 169923 2257213 449546 1122438 3
1994140 145389 2238777 537070 125473 1189234 4
1330664 47154 1014172 44354 1656194 1414229 3
462443 2455415 113571 129536 772788 751045 1
564402 2848920 1394536 992975 2503375 590052 3
1119645 413452 30575 84065 191726 155547 3
1394329 455616 1372338 165767 61823 807936 1
59684 162901 140858 174877 126697 1045201 3
817924 290513 457392 168617 107792 1999013 1
237183 636496 5956 1365439 89141 427190 4
2397546 418733 1119797 2435953 151920 1092161 4
1559221 1329864 215285 1397265 1758800 1082519 4
2572444 1376956 2503077 126400 199452 1042059 4
701748 754575 637198 2647675 219741 62355 3
1381205 2183090 25754 896167 387199 1804168 3
83763 564102 183619 980745 183610 183879 1
306988 476723 15508 2224471 414139 2050949 0
438369 149481 16972 1611809 1171685 63249 2
1722815 1031574 1368154 2147769 1674190 38062 4
265709 782132 249509 945357 537048 461562 4
1885651 1968 1923391 993861 1429760 27212 2
224301 20792 2138332 1058923 190023 116411 2
37909 2202 153691 68636 364448 405074 0
93054 2055412 660443 2147769 1943687 53254 3
896061 1432034 57330 3020732 750695 4483 4
213884 1367154 2310930 366598 90477 2311014 1
817924 362738 612103 664492 311840 581799 2
489483 1565049 2394291 1661437 868103 1462692 0
239187 205098 1432843 142235 640 108508 2
861432 53879 42115 649883 2864732 340642 4
158492 76412 275175 275714 1305458 242559 0
879508 1428185 44304 2278553 1859805 413385 0
360921 5822 2116148 2843617 2269573 265494 0
1572749 1673497 179221 227254 377411 1260731 2
192176 484831 229113 449019 1936481 466308 0
1762771 29174 367969 54577 1528674 3277 2
1878916 853129 1192359 210606 401627 97778 0
1588126 88291 289603 307541 1824001 1751676 1
937807 1538175 1932200 1569860 1667479 50206 0
2372886 358630 1195302 1868140 569117 36842 3
3026744 1774718 266264 70265 199520 1939943 2
24375 1254133 93460 65677 2069563 25405 4
152949 679656 408490 98607 1139903 19988 2
177543 1054216 2326847 427222 331824 331075 2
2396647 2988440 956087 1039798 1603435 1573411 0
1969733 489483 2081593 1565249 1457614 974 1
485322 390336 516570 919477 542761 1063636 0
817924 1561831 17022 1529719 914115 50813 3
2326847 563428 22267 911757 334641 1377258 1
1402517 1878916 300409 774861 1691772 1893203 0
339761 2060636 2510668 2557045 1099421 418717 0
817924 2592798 718749 164237 432369 274364 4
852272 621350 338985 293654 1442176 1584103 1
150463 747722 1045951 444148 46530 562798 1
1587316 1357987 2857181 503582 298349 18388 0
448874 510958 1762771 1198349 579541 1562832 2
486603 28925 857705 2529666 1872746 128921 3
53917 6761 225823 564137 1996967 2269306 3
61045 698711 514494 2147769 664556 2780 3
749887 250750 323780 754540 40142 178468 2
210606 47752 853129 994822 375974 43373 2
879508 65791 50782 862429 876028 2307991 0
2954568 949597 2022355 933060 1175333 328274 3
749887 699441 615752 1503803 1103461 1874734 0
976186 885739 2707828 93867 860472 623857 1
7172 810750 863161 151916 485789 1823153 3
1648196 348486 58787 405766 1106447 325760 2
125473 1582831 29278 1749535 1934406 2580709 1
15665 1752264 222898 1926933 183359 79242 3
1673384 2268888 53978 2513630 2340341 722340 0
573527 1564912 1907282 2338868 61063 1379680 1
1402517 32041 131291 491179 833042 594736 3
482605 751 2200 151976 116851 6590 2
817924 1572059 1936481 1926933 22677 759342 3
445940 265975 1452456 2396647 190908 2434556 3
290513 1328211 975640 322123 1392515 2509171 3
524854 433743 274608 27683 2770174 162190 3
861172 132410 305279 80895 1570478 893460 0
933060 301776 2341707 156977 69688 123531 1
206365 665155 1258163 2460082 239187 404405 4
604238 598431 181879 586412 19841 2027529 1
21245 332164 372626 277658 552511 956575 0
2455415 698657 439381 1792824 44354 862651 4
1926933 106584 152949 1081283 487397 41174 2
749887 201971 209785 2817162 18674 9697 0
367969 2864732 199001 1482909 218768 1022927 1
729317 1017658 217472 333495 58787 3030684 4
817924 48344 465961 106649 197736 1571696 1
753493 343732 18960 255389 1087130 259623 2
360921 617383 2661439 1497645 1109849 46037 2
498151 1814137 997380 341997 1334158 401936 1
708805 2592798 61045 436113 232893 653130 2
2499375 1150067 149561 178382 1034202 2983681 2
27683 708805 203686 623574 198553 1886587 1
437829 485322 391932 179782 37964 884474 1
1261781 556739 508560 817924 26560 1615636 3
56190 191743 972656 1369664 18858 1754904 3
2494008 75807 332164 1885466 45008 1812774 2
80678 487955 936178 1458624 618762 258983 3
861172 86967 612103 568017 180246 402178 2
213978 2227409 306988 213837 253412 5052 2
1667172 627335 651447 1104116 673796 929933 4
1442176 7992 729317 1661404 1627857 1039146 2
1357987 2701261 319684 194776 142586 881527 0
43984 397601 397424 38953 709233 212420 0
18450 404583 305981 2460242 410586 945358 3
2109021 60738 2671723 95750 209361 498021 3
2138332 1922686 237183 765642 2911567 23630 2
1042720 1588126 204495 2681620 1151718 261067 1
485322 948688 2284475 644223 3023786 47397 3
1491328 419224 605674 8294 110176 1466702 4
95750 1926933 42821 415493 185669 158052 1
1484884 19271 589484 576106 817924 151019 4
455616 78066 848784 739812 1749879 313602 1
1780483 599220 1802580 313297 1885626 726151 3
1762771 29174 213884 2893149 389425 2759069 2
332436 130709 1036528 2109021 523884 2307991 3
179221 1491328 1126100 318593 2022404 997410 0
579541 84065 1679533 110147 908739 45527 1
1674190 1798652 875405 91044 125483 1448500 4
110176 26901 435799 1403972 355718 23260 3
287133 1105412 442774 13076 5489 297158 4
913339 1652654 103169 1283613 177680 2089777 0
1536806 149058 19626 26225 1970675 3032380 0
1529719 811671 1369664 208399 1529518 1529558 2
179221 2462951 2793569 751431 861039 53974 1
315067 76412 494138 150538 4179 151124 1
392443 677058 163613 1227528 591611 946213 4
411723 1265592 75933 564564 1762771 51673 4
827792 2100840 213978 108333 160089 159738 2
667280 112786 937807 551366 353632 31052 2
322123 190909 62896 462443 143203 723434 3
98349 826340 105624 840277 36856 2301592 3
846857 1051871 179221 1042720 1860470 2058341 2
992975 30696 777734 744732 847467 490868 4
1088069 1431875 250974 511771 301776 468353 4
153295 173416 129936 115623 384577 1018374 4
387135 222170 158217 832482 1994140 185877 4
1418772 1513152 714157 43951 986559 838637 2
1213664 59684 523544 85385 742906 2489497 1
1758800 236936 1867424 566783 213901 739570 3
339761 767533 517018 358890 892540 1569860 0
2455415 671287 833172 1058853 540333 158492 0
1457259 671287 948597 439293 485356 676876 3
973782 2479062 53452 995300 588615 1112934 3
1165133 335739 31523 238183 386868 288361 2
1432843 1042720 134319 1576358 1309917 26952 1
994733 430392 1564912 1652654 173512 1283831 3
89141 149058 1685426 313371 1493217 23562 1
1868748 825659 519237 470993 359344 74659 3
93867 452214 1622178 1302954 1047218 1831613 2
1017527 296874 896167 1255387 1033270 205326 3
2954568 1369664 52035 637680 415574 24366 0
9830 965433 108411 34126 301888 70364 4
261493 147976 1806280 961597 604238 787667 4
2569245 9830 707424 670578 51329 308363 1
48344 1587197 302212 2157455 1088069 267306 4
108267 1112969 63328 729317 1060840 335475 3
417498 756279 69798 2494008 1981069 1442766 3
2147769 1126430 1382023 1074631 192030 895672 0
20728 1088069 383489 251862 245173 356650 1
2647675 87172 212662 163242 1642576 111267 3
2069563 6766 157592 913339 1267661 190920 3
2396647 45777 399257 351876 1885651 667924 4
566783 129332 15189 545825 671287 213936 1
97845 911341 23746 1418772 537689 31279 3
1203631 1242110 165202 92336 339761 39287 4
192176 1386259 452345 483840 1300914 2027920 4
76998 1544644 1068165 1330664 26186 2086591 3
9273 1637673 463024 439903 179657 2071672 0
885739 861172 74201 59658 918047 95742 1
520950 471436 878405 344987 346226 1021559 2
1131056 18452 11932 805772 1780371 672675 4
1969733 612103 110767 1838272 854003 1051573 0
1569860 2529666 955500 2243260 392025 23290 1
58787 579710 831012 150463 1325054 220213 3
498462 259403 2193180 1217841 200295 84239 1
31523 579304 920316 708384 80678 1015435 4
2200 651583 498151 56630 63572 146365 2
389605 2022355 1962929 443788 202171 82025 0
817924 439570 151920 857306 671287 83250 2
215271 82009 2355897 179221 196822 15739 3
564095 162211 112786 19671 285543 564151 2
33816 59381 193812 1692789 1685936 2006667 3
33539 2095721 63731 315473 147751 63734 1
232576 447395 1090808 308108 1878916 587562 4
107812 162010 157641 1347018 78375 2109300 0
53206 2233949 1110019 274754 301888 6354 4
2439882 158492 52021 2069563 1371088 522306 3
178774 1716887 59658 485789 456506 1067030 4
517018 127292 237183 489997 1046240 150801 2
16972 1126430 1587635 520542 429531 208621 1
1087755 643418 2108480 607600 402492 2921460 2
59658 1864205 517018 2045780 2260827 467047 2
427859 896167 444948 80732 7672 406800 1
566783 537048 454446 2414984 1895519 1412925 0
1587808 3069558 448874 2529666 89141 1198349 3
913339 871302 546173 520289 113560 2081593 2
2460242 213884 665155 1385251 20690 1099383 1
65791 129332 917917 1789972 1816424 1219865 0
140263 2362403 17273 158492 567412 223176 3
125483 584028 2053716 439293 207541 222869 3
2509067 83469 1429760 2431657 2257668 192998 0
864142 690225 227982 2604225 662480 2227894 3
1082929 470993 116851 2439979 761890 30706 0
199452 164342 458911 415716 992975 1266372 4
1780371 582016 2569245 911461 649293 381378 2
384577 9273 212845 187886 2888436 115369 1
992975 151916 524854 1340251 541421 11778 0
89141 731832 1672787 319938 1467430 245206 0
192176 153761 690877 194910 110381 539160 0
1789242 2354629 328080 2193785 2108480 8054 4
494902 2455415 170023 1701436 994733 333155 4
546173 53917 1190556 600198 46037 263669 1
937807 2864732 945346 377397 532257 1643404 1
78066 439293 174688 237770 2176861 394524 0
847467 97845 199001 1139577 306749 347798 1
158492 2439882 522306 1371088 390336 522317 4
692211 14711 1894412 942115 216672 56166 1
301888 390336 1931828 1204405 2683330 945859 1
1056044 95647 226933 49089 155526 193416 2
1774718 1149561 26035 591611 861432 206401 3
1622178 1915390 564095 2782396 207655 1464330 2
21245 1667172 708384 2399936 1816793 1860626 1
151916 455616 749012 543221 1086267 2481172 1
18960 2138332 1273287 195457 347706 922759 1
456506 2069563 16098 1918682 238841 542788 1
194863 1042720 2309612 2028501 2031441 711121 1
673796 112786 63186 319834 1081291 523608 1
2154581 833172 1678987 1694414 864142 1376101 4
57652 164895 356028 1774718 986593 311410 3
564137 2200 197266 1255395 544889 2081690 1
31523 2604225 95647 2618710 1669310 262244 0
2257213 572546 1820622 168210 555339 788436 1
48964 1186586 283976 77880 245597 60131 3
1165133 1564912 624475 909871 238512 1385666 0
498462 150294 49658 1605722 2860430 244689 0
186779 27683 1432843 574162 1298 364690 1
806560 2808326 2196966 3736 969246 913524 0
9273 1582831 754575 2037255 206414 349068 1
112786 1511021 1164328 1082761 455616 233193 4
163242 326734 1632569 1855140 1188428 1507195 1
318351 840366 1920222 1826444 524854 960407 4
1403972 1146944 13447 128377 355679 69406 0
313297 1348266 564137 870049 612160 38413 2
621350 479468 367792 302264 178774 1362895 4
1673384 338435 531810 710374 2024271 799129 3
259403 125483 426453 2972254 9788 323780 1
408490 1395159 18406 772649 2254347 87960 0
5489 12381 12967 113904 72544 564122 1
1403972 1203631 181347 437751 2203149 2519 1
564102 2397546 876028 1355176 2387724 160768 1
932931 114417 450216 643709 1674190 512150 4
59684 563991 2248504 39098 2554395 151361 0
2326847 879508 1063633 89857 1709259 276931 0
226933 192995 747722 2439882 1058633 430795 3
76998 220695 1817867 32901 1440461 191397 0
125473 191104 263638 151916 128885 903623 3
767533 146290 1209774 93250 1126314 155600 1
149058 2108480 235520 1303937 668805 12492 0
54439 962680 2025613 23290 2439882 175621 1
1638112 46379 1652654 155033 2946175 602034 2
520931 2957899 671287 857170 304107 1122942 2
626009 19671 184826 273373 2268888 337248 4
1666581 876987 126505 838391 491179 18606 4
1322296 3246 612103 974760 914331 37432 2
2438308 621492 614149 1873811 301888 55551 4
2069563 585175 579541 325115 495269 499651 0
165492 1319170 232819 363342 1162381 8843 2
486603 1078310 1902657 1439096 251377 603683 0
51706 517018 1753023 1173982 810877 428087 1
550241 390336 986563 2066734 26473 51056 1
2569245 219640 266264 383164 126400 2215878 2
410934 281692 124362 1986774 603664 375556 3
129332 38010 10035 165356 2392007 59068 0
1529719 9830 25268 2420528 1482909 393057 0
116851 100727 23888 243020 1988428 576083 0
1955584 81568 2462951 1862170 2405620 2445229 2
1570400 2499375 95060 605098 2561825 116060 1
1493194 301319 1108499 1395159 127112 2364282 3
1103007 164902 1040838 986593 132410 2401290 4
913339 1774718 184436 11659 2331126 52682 1
644255 864142 374899 192230 50419 789862 1
299068 277479 1592935 408475 827792 2019695 4
362399 2499375 615924 2022934 1898699 1757616 1
864142 360267 477026 527453 2159419 57975 0
1710061 2095721 1137943 1457924 491089 262933 1
1046324 1285861 158773 2095721 1663698 440906 3
1797071 1076111 236936 93337 384577 619615 4
627759 707097 210606 342753 32622 189559 2
1056044 166000 1014052 326339 504238 1582335 0
1732640 97845 1512519 240002 49796 247205 1
747395 320188 2011808 158492 462477 1545097 3
45728 1397218 211805 213884 212724 605020 3
1397567 17927 438369 179762 267901 108058 2
266956 1492190 443645 339350 667280 564094 4
33575 268821 38567 414341 151916 323616 1
1644197 752739 3026744 25766 152783 1585788 2
564102 1391355 2522539 192315 393093 773468 0
524854 55906 679134 1849582 599665 2575623 4
1498400 172794 631671 704778 18450 16765 4
1758800 761318 18701 1295193 1997652 92019 0
93867 653839 49658 105717 2843617 888256 4
182947 1561392 2147769 11955 1814313 623711 2
1255740 1255395 125483 888539 192516 380253 2
1203631 30621 680869 1519402 438868 917194 4
362399 512075 572546 2593853 158492 2296257 4
465689 308512 27076 528977 59658 590881 4
1674498 1795705 1367154 679134 29601 79603 2
1598726 1155205 495296 755987 976186 1160238 4
56265 1395354 1529719 433911 165042 26942 2
913339 1397377 110176 729828 576200 2609341 2
1273364 1109807 198433 446745 2572444 144964 2
798571 50528 1757499 880540 2108480 309498 4
1774718 26035 747722 920995 144087 1149561 2
20866 151916 1762771 37027 2759069 1751676 1
524854 2101819 437829 428317 287013 289434 2
154990 649333 1355757 332436 360475 2149230 3
238789 339133 1381205 2690493 744308 57567 2
520950 49867 239571 2994570 466967 1163977 0
324161 1834005 933060 198098 346036 353053 2
864587 2592798 178856 1529719 566783 708805 3
483329 1403972 544586 157376 674233 87636 1
974043 1774718 1281039 753493 2203532 318820 3
151916 1345848 125483 210128 49216 84190 2
326798 2499375 2586897 180251 566707 127621 1
817481 171731 994733 252130 1451001 2160565 2
382309 1086267 933060 749012 234930 1971132 2
189608 528723 411679 45601 2291715 956663 2
366395 806560 783378 72720 346196 1341783 1
171058 226933 177023 1677932 773497 16218 1
199452 39040 1268506 885007 1262063 209960 0
759946 151920 499651 1340885 1732441 145372 1
182696 19577 1673384 211950 1079203 305147 2
106640 129097 2065481 137285 564095 332853 4
151920 1458348 1789242 1330059 131141 401280 2
1626472 2988440 2361842 1995975 261630 315877 1
671287 1717437 7954 95082 2415871 2217209 4
299717 2326847 1262999 1151977 1326249 382733 1
658665 277362 950358 1725971 400759 210559 3
229178 1801436 636220 933376 419340 53993 4
1484884 737321 151916 329382 1745445 1094360 2
89285 683456 970375 994733 27461 28860 3
845179 125570 1696717 2108480 207714 158492 3
173028 1570991 563136 24138 158492 117844 4
2109021 1368 972447 287767 1912423 1390928 0
387135 624775 413385 1198349 49619 352657 0
464647 381998 1780371 1397142 241813 113347 3
158441 683380 4492 1261524 598431 1344723 4
1422293 2499375 1585014 1192212 520957 1386136 1
147537 53206 564174 326578 110570 861732 1
1040219 621065 503734 1502371 125473 29098 4
189774 2116979 564102 898007 1783963 242203 2
205326 456073 18450 1743758 106654 1166543 2
123122 147280 2313615 1725971 1155952 32561 3
126400 146290 676659 635367 1330722 1843554 1
852566 2439882 100075 146141 323884 1924484 1
2727091 393009 1402517 63394 462395 585732 2
204334 55551 1780371 174762 31657 255669 2
1791718 1300914 184433 1169199 246766 2481372 1
2102250 1659011 2339562 2823606 432369 545245 4
71753 1590970 1648196 143520 1745696 30269 2
958013 1256150 1751093 53787 1285579 1596729 2
414357 44354 1482669 1145171 308864 2312069 1
309388 180162 374153 2246693 512652 77358 3
629223 22951 891699 1137586 1262842 6015 2
1365082 524854 1499093 15943 266327 461335 1
83469 623478 528343 1615628 1054768 604749 0
753493 330869 497033 361185 1105412 13076 0
184399 303710 335877 1266178 180781 671142 4
1255387 946164 2266179 1448572 474943 743816 0
1369664 407648 2319204 412771 330749 56128 0
215271 105489 2210751 1136615 512075 179166 0
913339 1112798 1834904 433743 1652654 13887 4
1647803 246023 1500888 2047111 1761152 427820 0
1244347 299182 77880 358637 1674475 1538175 2
876028 497748 564402 948925 972656 2908106 2
1599905 184826 962680 221191 92296 313730 2
1239737 699350 43521 1885651 1385708 2548507 3
605869 2364254 269992 503749 853129 2078796 4
110176 136893 163333 1163581 137471 21704 0
774857 42652 16548 182371 1674190 182049 4
427310 1083014 1599864 392597 95750 19988 4
653520 2147769 83108 1037341 2535939 485400 1
1165133 346097 305655 1410592 487374 1603550 0
116862 456506 2609341 158492 238347 13297 1
1839215 142534 1814137 1412016 39766 481292 2
28524 65791 1032641 649009 259647 30861 1
1385251 563991 137866 289767 375068 665155 1
1565622 2572919 1101834 97845 2002610 1403886 3
1129403 840352 2087673 2246607 862565 123417 0
49090 179221 205326 18642 322699 972136 1
84903 27683 1194210 645580 2561825 43373 1
1885651 12243 13540 1615215 150539 69160 0
10315 1665222 787896 232576 641193 604026 3
707097 89610 1529719 52453 2146843 2083334 2
112786 306010 458802 492012 8197 1574986 0
524854 100394 152854 1529719 63148 19811 3
1458839 294211 2912777 1418772 1383547 1582193 3
42879 485618 200518 45927 644223 1413180 4
592136 810574 2137297 112786 609212 2573507 3
1177471 1961766 351876 598431 1624660 591628 3
972447 898399 807939 564151 43984 1368 4
1868140 218386 1346839 456085 900083 376209 0
1767055 322123 299482 42624 1849001 275681 1
78242 2149536 1880926 158483 1249574 825478 0
421082 13896 1868748 1936626 162772 415815 2
64709 232893 55452 146290 436113 2542581 3
564402 1278478 158492 483501 2439882 288236 0
595633 1190556 576135 105439 485394 1423544 1
1934664 913339 332436 4121 1031737 2117651 1
1522817 323780 1235210 1965981 1203817 974543 1
432369 230270 2327144 546173 385882 68502 3
480465 1246448 428317 1755720 566481 28175 3
913339 1795705 1560463 178453 2249426 86248 3
29131 444245 573323 849357 564402 18388 4
249135 775975 50564 389605 1277265 910628 3
976186 246766 722047 1791718 24250 984048 0
913339 671287 55906 158492 524854 1340251 3
1666392 24514 38103 896167 15624 1805339 3
1070395 1574853 880540 785416 760201 1836571 1
212410 983044 973782 1111137 436014 600918 2
98922 2575462 191836 150294 171032 1004321 3
1782301 293971 2518623 1041538 667280 1702953 4
56190 1351381 1219670 645537 595872 185388 0
263669 916436 1538175 95056 395375 487458 2
722312 293261 179033 979202 1572749 323078 4
577320 140263 1696456 2784636 1379336 556728 1
182242 438350 15236 363763 313297 282450 4
2798149 719157 2701261 1912337 436605 1859805 2
359278 232576 176737 136005 184774 376837 1
1071011 589630 339562 2569245 416972 3945 3
2122984 98409 187274 1743101 2372886 199256 4
759946 522212 290990 183350 909566 413069 1
59952 599665 670578 1060537 1742465 1325197 1
2404606 971428 2864459 193050 1667172 860818 4
1657311 411679 1654159 1153667 104919 339902 1
533212 206299 483646 956132 1213664 105489 4
107812 709012 227569 532355 412768 644309 0
2074581 1402517 433378 76656 320751 25169 1
69509 580501 1946903 1536806 19116 1631789 3
2202111 162795 699810 566783 2723974 911842 3
817924 1156685 1319170 877 1848604 62329 0
293261 207348 384688 295861 80678 860916 4
263669 168906 1300914 30039 2024278 347071 2
112786 274637 144964 265542 246267 937347 0
887795 45158 2002573 2572444 341622 268686 3
162010 79884 747395 1053683 424335 864139 0
38010 988062 1801080 881905 476723 924141 4
1774718 10931 577114 1559927 54894 1060065 0
1169822 2728145 2125159 992187 1814137 91225 4
30549 1154033 717539 1983033 140263 1104374 4
1237344 1569425 699441 1273364 2917733 8832 2
249164 408490 1149750 194221 673496 604658 1
74773 481292 480465 2349577 1241808 2331126 0
448874 573527 579541 1198349 510958 1562832 1
207217 348130 158492 1452292 492355 1461796 2
1875851 213901 1803264 2952599 1569860 647271 4
27683 993879 1490917 1573600 1449346 396230 0
2147769 219580 25459 667585 953092 1085452 0
10890 273909 1126385 2268888 997963 307387 3
973782 723970 2428221 137069 747395 31808 0
78066 1836150 1330722 1205290 2074553 25736 0
519237 1529719 1166331 952461 436366 203860 1
125473 361176 2844364 386733 4637 381399 0
925999 1895960 12381 394389 2490936 1116229 2
2022355 913339 128031 1251101 61045 493115 4
1499343 123329 564102 1381019 1050121 1333953 2
665204 1428521 1209017 609102 158492 115837 4
563428 8368 148716 592136 665204 286379 0
1099555 349790 171058 83763 1448596 1202612 3
36845 348444 292285 1572749 33575 221746 3
126400 45242 274637 673796 2240553 2572444 3
282915 150463 993916 1079931 73136 69439 1
143234 313371 2200 572319 95750 42821 2
140592 59658 448902 1329163 1274545 439959 1
245089 98349 1729649 95082 2976516 4228 1
259403 152831 514406 1473400 1014273 1799302 0
520542 309409 455616 848794 16553 734858 2
640843 34223 376837 54577 2246693 2239159 4
807939 585175 448874 579541 2954568 16917 4
1480692 5822 112639 370395 993264 380927 1
429531 57652 208621 520542 966120 313496 1
262673 1692789 1506629 29549 719535 192754 1
543175 216216 635367 489906 15201 1788307 1
232819 1482909 698848 457621 881072 1005263 0
2661439 738027 97106 16290 440910 182091 0
490811 143373 104977 1528152 2918459 111639 0
5329 127618 92516 40365 1572749 582016 4
1012710 259403 1285579 2415342 38390 424362 1
2843617 1365082 513248 1194185 261540 564822 0
494405 344409 1054661 1493711 14711 61194 4
1091363 95750 505240 860856 2083523 1164933 1
885739 1042720 504988 1625676 1246448 2112366 1
993226 1899720 392095 2095721 565259 413538 3
2572444 2206452 371388 54587 255405 1405667 0
1458333 178774 189699 160639 219685 900083 1
2313779 437751 151916 840366 101706 173816 4
124362 125473 74748 134417 1106405 162742 1
2518623 376837 2572444 47700 2239159 827070 2
35022 158492 28395 620260 1582959 385625 1
722312 1056044 1997607 439104 990923 207642 1
1642663 1816179 82961 210606 459412 2185815 3
1507659 2864870 206365 31650 444267 2139884 2
2000125 157641 495343 1119645 242701 241154 3
817924 2201156 817924 850024 285543 171745 2
348486 405766 59658 173632 2008016 1648196 2
1493662 445332 2569245 733309 235952 2548288 2
913339 1157212 66618 2455415 2379153 483501 3
161704 42879 401950 454448 2954568 124976 4
2108480 192397 555769 125744 893411 52842 0
2202111 1392575 28428 12381 180325 1234129 3
538451 1055319 287133 207245 60811 1036203 2
524854 55016 2499375 465494 553529 1099382 2
1312280 864142 1751676 362368 234656 2065809 1
913339 439293 151916 358984 232014 362399 1
484147 1875672 649100 486603 1883613 1651150 3
961405 885739 462090 94329 109142 176778 1
268821 496253 2063477 1658418 671090 325115 0
155226 90572 223215 1357987 1342299 607272 3
546914 888906 2322927 373793 80678 1868053 4
520936 101706 1012146 1564992 486217 606990 1
164853 1856025 438369 2517393 1107184 1825322 2
656090 2013016 1774718 293834 65173 1267861 2
1795821 717577 332222 306153 217652 423779 1
418450 58124 478688 952410 2154581 340132 4
751397 2653754 1333921 414308 93867 471641 4
745255 201971 9830 994733 1128151 68145 3
389605 604238 607272 1454830 3056591 50350 1
11286 697327 651319 2225982 817924 150848 4
107649 387135 1796340 1352989 637512 1016040 1
2364282 537048 377397 460100 2453633 824434 1
1261781 112786 1511021 579034 277780 784459 0
254507 971746 84944 2974362 853129 2513630 4
26506 604238 157627 1346889 48740 1431888 1
29580 69894 403020 891547 1015662 162399 1
198098 307499 25264 191584 973782 1234609 4
557040 54032 1432822 2773131 537048 29278 4
155033 412238 1720028 220695 1006035 756777 3
1346752 297503 7786 827792 50808 147483 3
1926933 1099383 1099382 3001982 578517 116480 0
2674925 153295 1587477 69596 1862200 5617 1
32043 1507839 2212490 1969733 1621571 432483 3
1158886 2154581 153850 38272 57804 183306 1
448874 59470 44447 236439 2140611 1107495 0
241803 491865 491270 14711 40760 623574 3
1397377 52036 1203631 2409753 840266 201834 2
2409753 167854 1666664 2207159 1762771 1397377 4
853129 32530 93037 465001 167926 98615 0
854277 158492 2439882 522306 1538175 913993 0
137866 375068 1385251 1574853 1426553 578517 3
2161953 59434 21754 1725971 758366 1226464 3
610038 878405 2492204 13078 766141 487599 1
58607 49463 701748 389571 947776 262871 2
392443 2307991 1867858 1358444 116285 314615 0
704580 349958 318351 507872 1831158 296636 2
19759 291395 852272 92906 700610 946039 2
438868 782607 335373 1190556 595406 2199215 3
128885 106936 2636651 945039 392443 125215 4
533212 207714 2630744 37585 600235 483501 3
430225 2548442 59684 15289 2200034 1794855 2
1538175 226605 1075944 949880 1488761 1668793 0
2122055 33539 1419791 630311 23708 1762 1
682109 168337 9830 733309 1828317 883551 2
50648 456506 125005 624313 1346412 770037 1
1160421 768316 497157 1198197 332436 104836 4
671287 339133 73647 470993 2634390 2235913 3
1352213 188719 498151 1260478 1449841 386845 2
178774 38151 1276728 382484 1491331 1425373 0
647260 2267519 1137305 31463 1403972 508377 4
30318 817924 285859 2336518 1889805 342334 1
184433 519350 30281 224301 564095 2231127 3
1377715 938602 308145 980091 83763 1273280 4
863477 2127747 2725952 110176 41763 849500 3
1774718 484831 26035 1099383 1068923 504090 1
2154581 2206599 128885 777552 507038 179598 0
261104 1949333 140453 2592798 2404103 30019 3
1511807 504031 237183 1833378 340401 401407 2
913656 1022221 1129403 430392 445975 474711 2
1755720 1060625 1587635 266499 635025 243674 0
55215 1017301 2462951 1268485 644223 162376 4
1580539 211923 2478347 16535 973782 54056 4
151916 382484 616622 95750 144833 56102 3
1690649 379742 485322 172652 1759658 3000158 2
102775 1674190 1941291 216781 1503369 1218874 1
1774718 26035 208399 88291 242216 811671 3
130862 2403753 864980 2630654 1475874 1150156 1
188213 692660 2418219 1453473 23647 401102 2
151916 2297260 545911 2021259 21182 765343 0
151466 392001 868407 129501 158492 394034 4
125473 811671 75910 962680 208399 1240437 3
151916 1247116 537048 90071 2205255 1219131 2
2094578 391959 345203 1190556 367074 4223 3
599665 465689 2243833 928448 297368 1060627 0
1671547 1487729 31178 671287 216361 1256263 3
801463 636702 1969733 1018676 760517 2472634 2
28370 498462 336911 1630878 1464851 33180 1
55727 1112798 21245 125473 153067 2388276 2
2144201 36674 266264 2005238 105946 633095 2
833172 112786 1511021 563991 39594 516575 3
1868497 149561 332436 228564 2144201 582855 1
1229477 2018331 69811 1261781 502392 77709 3
203200 2688780 158492 588204 2430486 1060617 2
831938 143251 1054768 1695028 1839752 490820 1
777632 498462 223430 1692795 1330664 385786 1
524854 491179 153219 1340251 1259229 1651235 1
331647 157081 843482 692660 1441032 2103235 4
243351 1839950 667280 122077 369597 2888063 2
714157 54004 1312771 468579 10422 358477 0
61425 93054 306735 49761 13986 316197 1
2012289 1863513 165826 1538175 563485 1241133 3
529089 64968 976186 2677318 2599977 1045346 2
641132 23460 1091274 2422999 747722 1359577 4
564109 2462951 479450 316967 759285 1093985 1
847467 2072747 2661439 126149 540797 32693 2
1429042 164664 137001 69618 498089 477077 4
161240 2355925 2507441 631259 537048 1710061 4
128097 684976 1056044 750439 2046186 2883742 2
490811 883800 1165296 214737 28366 748342 0
7732 912174 1229477 565602 491179 3882 4
913339 679134 671078 53917 55906 153216 3
1619127 49497 1332513 1403972 131571 1364362 3
255067 692211 751245 274975 453711 56189 1
1082929 1248428 344319 438961 67214 2522539 0
2208661 1042720 1691855 1764305 743032 2329964 1
74773 1505812 380922 236845 25998 659506 0
2074581 610639 14597 913339 1630162 621133 3
1510466 733368 1196268 332436 932990 484134 3
931394 1820814 976186 2798149 1084216 55885 2
238657 1637067 1403972 196493 52838 206269 2
1163545 344168 59684 135074 472689 842493 2
2661439 195883 188299 177543 1057912 1106886 3
734132 683380 817924 44070 354975 2224474 2
171818 1667172 156765 1917669 45214 479373 1
16972 34419 290513 34223 1236283 161242 2
48392 24566 2413465 1653 1667172 374481 4
2803988 61936 608636 705327 56190 2023188 4
664820 238632 751534 232819 352474 1187735 3
550203 261654 2330353 598942 389605 432984 4
581110 1498400 315067 28971 153807 2446996 2
489022 1627739 494310 149058 461958 337101 3
158492 420824 74549 1832096 219731 166190 0
216216 1217994 703971 128269 3026892 980222 0
1203589 871107 179221 676738 63187 1065591 2
433349 421318 610149 2569245 636050 596970 4
108769 13864 764424 1969733 1538175 524854 3
2045780 1253726 827689 717577 40339 317628 3
217609 1376980 878544 491987 48934 211003 4
78242 448902 145236 739730 304952 1344822 0
164676 408490 13555 651806 274135 1170080 1
266081 46126 546341 1395159 31944 255849 3
41978 52272 1557175 1457259 101900 23284 3
100636 1396527 563428 127552 215271 10079 4
24266 962680 419322 374808 1826514 300808 1
564102 427859 2307311 257453 327097 900224 1
236964 1262207 986593 635183 144173 413334 4
644763 367052 669035 53917 2284853 42154 3
1028770 199452 15292 77733 383105 838223 1
958815 144089 699441 404896 1250185 2112576 2
149058 170737 1395159 153945 93899 314055 0
833172 1312771 1192801 577999 207858 436078 2
1049273 1564912 59347 255932 478372 385820 1
113284 1934664 265316 817924 581261 309388 3
1000 545825 553121 125473 864183 2965601 3
182222 21245 412740 142347 710502 171131 1
667980 543502 498151 33172 1204592 899753 2
14711 520542 429531 208621 313485 313496 0
435047 396210 852272 1430229 173758 1268163 2
28163 524854 183870 321279 105389 369978 1
48344 161305 186495 612808 1138998 2056222 0
37060 1944691 59038 426563 1588126 2041434 4
1859805 2798149 425317 2246693 7122 860171 3
84065 45675 152701 234171 322649 449821 0
243546 232576 324394 72751 399763 1892419 1
1457259 2055419 861172 1685598 2472618 2254499 2
137968 18998 1622178 919533 2085201 92127 2
451350 1335855 583404 2296063 817924 1966863 4
43342 177984 290513 1986774 80777 451135 2
891699 538837 102775 320247 146978 1162130 0
201949 1758800 342996 446625 162025 218786 1
1539748 323382 518450 2138332 1544916 740719 3
817924 956482 1281035 2365240 197828 2151283 0
1352213 21466 25336 48964 1890071 386845 3
898632 315067 344168 1316023 2600052 696488 1
1533145 2661439 152288 406040 1135253 654343 1
54032 524854 287013 88291 421318 66513 3
1301136 288059 129097 1407041 65791 136643 4
3975 1441032 726022 396690 788797 210481 1
1582692 12935 271601 572546 259837 2060496 3
2058763 953387 1565049 563375 379563 227715 2
44497 579541 585138 2268510 292950 426833 1
300705 99959 2891306 72362 76412 571756 4
265672 37153 1219503 750695 339673 571826 3
287133 1559221 1377258 1397265 1025765 43342 0
849357 125473 52282 445975 1484884 1224672 4
872601 663592 219796 817924 386763 581777 3
208643 561893 1155271 425134 729141 122461 4
987220 2267088 852272 152498 1115215 1617517 2
564137 495046 700012 2020855 14626 433207 0
1963286 1922265 266324 2257213 155023 833765 3
386796 1361876 18148 1580966 1637673 385611 4
1564992 1702858 346084 1756156 50813 991484 4
1802088 1400114 852272 1056573 1759658 1851224 2
647545 1412063 4580 546173 907683 1310746 3
261493 1148002 1198783 100184 54577 24718 0
1082929 338104 178468 1371922 406134 305084 0
358691 2605683 92016 847467 215285 176736 3
466014 1834005 1967197 58787 1164188 520936 3
60341 1465024 59658 255868 1312471 481372 2
1407089 2099710 988062 365953 128695 294312 0
1841491 144726 27376 2467481 938802 407415 4
945644 467964 79607 411723 1460821 240123 3
128843 117326 489483 1588866 493997 142106 2
1209574 610825 1745717 476723 145390 1800944 3
52202 125483 92127 1518808 2522501 56884 1
124362 602919 992975 623600 690816 632753 2
1522450 77880 960487 672771 640527 86778 1
529727 65791 291810 1318497 1755293 1842799 1
806560 817924 355502 221413 16578 1533106 1
197851 185216 544389 1007221 392949 298737 0
749887 87681 997497 979639 210244 194449 0
149058 1257354 309118 180572 364181 1930950 0
2124418 899541 852272 140050 1184990 1409468 2
144704 1559537 826812 1762771 10035 722467 3
95647 192176 14308 2843617 1870440 17096 1
596673 265709 2605683 222828 1732917 107385 1
31463 775849 462001 55775 1108159 127706 4
2418219 1381205 288141 569950 35503 1126314 0
7729 57570 498436 268821 57541 265672 3
359786 1718457 405617 24714 146290 101706 4
984048 1622178 436360 722047 510151 638166 1
2462951 382769 1989275 827689 91190 86248 0
1818313 1659011 1097375 566783 342806 42366 3
912542 140127 2388252 987531 896167 27918 4
125483 97367 130879 1326778 103169 644022 0
2208837 30343 202388 484831 1768754 243343 3
65319 1305494 627759 89610 53206 404806 4
53357 261493 95468 870049 986297 2293852 1
1716558 16972 234276 137209 66364 155287 1
126737 484831 175596 447741 151250 31574 1
706247 1022221 1232430 238190 2138332 161010 4
420333 401334 12286 817924 7810 1023073 3
215271 2462951 180709 184420 774857 350749 0
1086547 129091 529276 101706 20664 290941 3
1312771 672821 470993 142935 227595 1864205 2
55079 586963 1056044 929889 218115 2303957 2
101411 2529666 351276 1260100 293990 33514 1
1033548 937807 1240426 351315 731479 1529681 1
59658 465931 39569 320657 65760 318294 0
37450 706247 1198783 817924 841770 672821 3
567439 313297 44179 154212 119842 230547 1
1643117 1131056 39122 445234 4649 968319 1
1949346 1317401 415131 644157 2647675 981616 4
418113 359219 1733072 511445 387135 1162592 4
1130374 1764599 65791 1507039 126749 24048 2
2455415 597705 1444834 477665 1073178 764546 0
63754 97845 18763 15046 113143 52814 1
73458 147351 141916 76998 1626275 137866 3
2957899 51706 405766 2069563 362515 2519414 3
53206 184972 186359 28406 39149 275566 0
709267 176566 61045 256577 64599 84434 2
125473 125473 1412016 1423874 1516488 261268 1
1859756 622466 322123 1431932 1518847 988477 2
259403 1088850 334848 917576 116709 126630 0
1394329 1407089 2461344 1219865 934522 216046 0
394970 1878916 380683 2599961 923622 463325 1
261566 196028 1252386 1980570 80608 1342483 3
604230 483501 362399 186779 1866664 1157212 3
912174 69811 684945 192176 1571579 2065535 3
1881904 437829 918047 586357 1812292 235876 4
164204 1637673 194422 905600 1642255 74530 1
10777 2418219 554928 8577 297724 1440063 1
2015774 237183 808435 494257 256322 284006 1
933060 131979 609222 1155086 372496 174370 0
151916 1141428 216046 1858576 2388997 10290 0
274637 212952 769356 492462 750695 192006 4
1397377 2409753 201834 354214 1986774 349258 4
398987 1137586 485322 998291 515931 305047 2
811671 378151 1529719 1240437 226933 1529557 4
24375 2404737 30410 485315 292134 1796009 0
811671 1529719 1420350 1574853 811702 1529518 3
320196 1789242 2156400 683456 326849 1014031 1
623711 266654 136370 2481413 2147769 91335 4
661061 2613117 798068 2372886 590139 339097 3
1894412 1216569 576387 1474681 590060 531913 4
673041 1693848 1745511 937807 2042 643375 3
448874 182164 2022355 1587808 1648196 972447 4
69761 936951 101385 903375 58787 2976838 4
324777 1529719 422211 155734 2253595 1672556 1
232893 1418772 55452 1095917 1801337 1039832 1
995635 2396647 2804368 2180063 2400586 64946 1
195883 188299 57652 953557 2661439 79078 2
11683 852272 952109 39569 1381205 308559 1
2455415 862651 8612 418179 5489 365182 4
192176 2054582 1277590 228529 163639 146731 0
931404 245597 48964 2497030 1414694 208397 2
149986 150463 1478401 3016697 1284762 637598 1
817924 1392575 286696 2022355 567472 510768 3
252683 1725971 40672 1075815 189038 150497 1
333605 2175549 1030628 319834 747722 157020 4
2462951 268821 900261 1329864 1868752 1907367 1
10326 2172071 1258832 2509067 40454 514797 3
3819 2396647 292285 183307 190251 1388230 1
31089 1302375 747722 389471 44508 44474 2
2070575 1100783 1834704 1847993 566783 782419 4
94211 491312 878405 2346917 1017418 293255 2
740343 83469 16865 350293 923331 321520 1
232872 459412 559102 2155184 266264 550908 4
164500 173973 228683 127172 224301 923995 4
614486 255405 94567 1530356 1903094 109756 1
965233 2280043 1160713 1758366 1755720 647545 4
1251058 1867858 1418772 30508 125476 111116 2
422700 2415871 113904 214473 5489 44093 1
434158 6543 1564992 2768449 482605 209801 4
1873386 1063439 33816 1604808 2633950 1092454 2
486217 1979623 411723 1938906 1587808 2022355 2
151916 362399 432369 158492 2439882 600235 2
557698 148864 699441 1327436 502606 432369 2
456085 498462 451134 996178 699337 798120 1
1533670 87110 27783 8608 19493 124926 4
44893 2016022 427859 889845 30132 243919 2
156783 149803 1050346 93867 353721 1010808 3
237183 1099383 1099382 2460082 679134 738903 0
611262 598431 475598 2868695 418582 897 1
371796 46672 922655 2152450 537048 432487 4
2123512 2111318 2460242 728799 1070081 304490 2
855150 192176 782607 1042635 108336 320188 1
342620 259403 472769 2418219 705691 100286 1
43984 1726414 477067 2151283 1068605 21185 0
2415871 283766 2661439 474418 3040732 1961195 0
2483036 322492 175923 164950 2455415 2344069 4
16972 1810667 247955 156977 55245 2026944 0
1564912 53206 945883 2031337 1224672 54439 1
309013 1529719 152831 248339 1689439 3946 1
1484884 465931 493421 360300 234264 509892 0
132410 1730061 2390564 126262 238019 2489497 0
142257 1079432 19622 187642 432369 1420646 4
417031 412273 268821 1719619 226933 107749 2
1235210 245137 31523 143350 24186 483745 2
1622178 333483 315040 59658 524854 47886 0
1520287 667280 692955 1441712 2023292 913339 1
32530 1407089 649883 861432 1149561 26035 1
364354 145372 861432 524393 354635 973782 2
2109021 638692 1694516 711461 852272 737701 0
1528175 152541 882920 125473 424540 75104 3
429490 40389 2430332 476723 437554 2812023 3
1674190 351547 1432843 162116 888445 1007446 2
437554 313297 947209 46934 23597 893559 1
2275767 489381 32090 135100 750695 206269 4
173970 50804 617173 99665 48964 2664396 4
419340 103155 1089932 2243709 1531242 164372 0
1312086 1367154 682109 1508006 253055 2158101 1
817924 1564912 266264 430392 58145 1232430 2
1690822 1994140 677473 263327 31880 79888 1
966005 1223693 155965 60782 1812292 1517021 4
589769 544586 540272 972208 15665 81341 4
21245 602919 670611 205707 1900581 868893 0
253111 601405 982566 699441 142141 165852 3
125473 2103856 172147 2268888 412037 148687 3
2409753 945319 276190 178774 268465 651 3
